Out of 4 test cases, 1 were correctly classified
t_correct = 1
b_correct = 0
train_score_T = -8132.22183625
train_score_B = -8892.37734769



Truth HMM:
------------------------------------
NOT IN LOG FORMAT, PROBABILITIES AS PERCENTS
hmm data: (#states = 4, #outputs = 5)
------------
T_kk = 
[[ 46.6297025    4.76404269  41.1357534    7.4705014 ]
 [ 43.55970631  12.89632778  21.41739966  22.12656625]
 [ 36.40562718  39.91021483   5.77392678  17.9102312 ]
 [  8.56932943  13.78221608  22.14099873  55.50745577]]
------------
E_kd = 
[[  2.80046465  71.35817218   4.03380898   3.19214833  18.61540587]
 [ 17.35069555  56.31844271   0.57377428   9.00632798  16.75075947]
 [  9.26451287  62.78943987   3.09965522   2.30583483  22.54055721]
 [ 16.64495871  22.02736172  11.78871402  48.08505706   1.45390849]]
------------
P_k = 
[ 17.34327093  24.68592788  14.16051086  43.81029034]

Bluff HMM:
------------------------------------
NOT IN LOG FORMAT, PROBABILITIES AS PERCENTS
hmm data: (#states = 4, #outputs = 5)
------------
T_kk = 
[[ 30.95651525  10.67203272  23.79960991  34.57184213]
 [  3.35802768  27.06511524  60.6872812    8.88957587]
 [ 28.70091499  47.17508806   4.15868348  19.96531347]
 [ 44.11664501  11.59868985  21.17009022  23.11457492]]
------------
E_kd = 
[[  6.6072454   67.88412656  11.41060318   6.58519512   7.51282975]
 [ 23.79431991  25.60910566   8.77806397   2.73230369  39.08620677]
 [ 10.49234767  36.82715183  12.58848034   4.68229892  35.40972124]
 [  6.90378636  68.39435852   8.57112459   9.68337644   6.44735409]]
------------
P_k = 
[ 15.13505443  18.14503902  60.86634954   5.85355702]