Out of 4 test cases, 3 were correctly classified
t_correct = 1
b_correct = 2
train_score_T = -7658.15077841
train_score_B = -8649.43980173



Truth HMM:
------------------------------------
NOT IN LOG FORMAT, PROBABILITIES AS PERCENTS
hmm data: (#states = 4, #outputs = 5)
------------
T_kk = 
[[ 46.84776235   4.74308313  41.22783548   7.18131904]
 [ 44.2223424   12.80826819  21.54585632  21.42353309]
 [ 36.94649463  39.92326794   5.82769623  17.3025412 ]
 [  8.6083297   13.70245658  22.03672491  55.65248881]]
------------
E_kd = 
[[  2.47208486  71.79805359   3.59637187   3.054554    19.07893568]
 [ 15.66057415  57.66069118   0.5204798    8.91518645  17.24306841]
 [  8.25685463  63.63096449   2.78472283   2.28000567  23.04745237]
 [ 15.35185481  23.01155286  10.8652133   49.25690453   1.5144745 ]]
------------
P_k = 
[ 17.31612189  25.80579769  14.20400363  42.6740768 ]

Bluff HMM:
------------------------------------
NOT IN LOG FORMAT, PROBABILITIES AS PERCENTS
hmm data: (#states = 4, #outputs = 5)
------------
T_kk = 
[[ 31.63142576   9.9886405   22.87858472  35.50134901]
 [  3.79937153  26.20274574  59.81832664  10.1795561 ]
 [ 31.17156958  42.97404009   3.9041518   21.95023852]
 [ 45.0356989   10.89712054  20.41925092  23.64792964]]
------------
E_kd = 
[[  5.78194669  73.0179212    9.90574728   6.0822187    5.21216613]
 [ 24.45900458  32.88735917   9.17113222   3.01250875  30.46999528]
 [ 10.38216264  45.24858387  12.48296867   4.96569503  26.92058979]
 [  6.01428042  73.2179749    7.41859063   8.91441055   4.43474351]]
------------
P_k = 
[ 17.30035759  16.58565582  59.16819524   6.94579135]