Out of 4 test cases, 1 were correctly classified
t_correct = 0
b_correct = 1
train_score_T = -7903.51090198
train_score_B = -7602.37684454



Truth HMM:
------------------------------------
NOT IN LOG FORMAT, PROBABILITIES AS PERCENTS
hmm data: (#states = 4, #outputs = 5)
------------
T_kk = 
[[ 46.60034232   4.75157075  41.88176746   6.76631948]
 [ 44.02222028  12.91826523  21.91899224  21.14052225]
 [ 37.10797037  40.37487684   5.98338882  16.53376397]
 [  8.26628166  13.96150812  21.94018191  55.83202831]]
------------
E_kd = 
[[  2.60460916  66.40263514   2.81466211   3.05046024  25.12763335]
 [ 16.43705066  52.40085764   0.4105532    8.76955445  21.98198405]
 [  8.79642338  57.79561903   2.19691066   2.24894318  28.96210374]
 [ 17.01835005  21.5923114    9.05926997  50.38026605   1.94980253]]
------------
P_k = 
[ 17.46431478  24.54112579  14.39207092  43.60248851]

Bluff HMM:
------------------------------------
NOT IN LOG FORMAT, PROBABILITIES AS PERCENTS
hmm data: (#states = 4, #outputs = 5)
------------
T_kk = 
[[ 31.46328212   9.80610484  22.83958555  35.89102749]
 [  3.48969867  26.03981156  60.95338333   9.51710643]
 [ 29.56398416  45.1565401    4.10752351  21.17195223]
 [ 44.91812266  10.72800095  20.47023627  23.88364012]]
------------
E_kd = 
[[  4.32946254  78.19058103   4.02860052   6.1797445    7.27161141]
 [ 18.15278528  33.30969341   3.49003879   2.85305444  42.19442808]
 [  7.88193083  45.98088687   4.76634492   4.67575584  36.69508155]
 [  4.4467634   77.52339821   2.96072548   8.93812992   6.13098299]]
------------
P_k = 
[ 15.4377223   17.87646887  60.73909569   5.94671314]