Out of 4 test cases, 0 were correctly classified
t_correct = 0
b_correct = 0
train_score_T = -6630.0239003
train_score_B = -8373.57066195



Truth HMM:
------------------------------------
NOT IN LOG FORMAT, PROBABILITIES AS PERCENTS
hmm data: (#states = 4, #outputs = 5)
------------
T_kk = 
[[ 47.80895567   4.67510482  42.08316631   5.43277321]
 [ 49.51634576  12.7579781   23.50149733  14.22417881]
 [ 39.52890912  40.61391318   6.17893968  13.67823802]
 [ 13.69170904  16.59541058  34.66431753  35.04856285]]
------------
E_kd = 
[[  1.53806462  73.81791193   2.38114765   0.9630153   21.2998605 ]
 [  9.86520385  66.39125941   0.37883327   2.17055737  21.1941461 ]
 [  4.5751488   67.42673803   1.89252395   0.43515731  25.67043192]
 [ 16.32907533  48.70534251  14.67415398  16.95778423   3.33364395]]
------------
P_k = 
[ 25.29251183  29.19423008  20.37043462  25.14282347]

Bluff HMM:
------------------------------------
NOT IN LOG FORMAT, PROBABILITIES AS PERCENTS
hmm data: (#states = 4, #outputs = 5)
------------
T_kk = 
[[ 31.83194195   9.82050307  22.58453137  35.76302361]
 [  3.81631251  26.37791115  59.58050214  10.22527419]
 [ 31.31757956  42.75391786   3.85829473  22.07020784]
 [ 45.32569485  10.70783787  20.15031207  23.81615521]]
------------
E_kd = 
[[  5.81434835  73.9271196    9.62656762   5.90068629   4.73127813]
 [ 25.74623858  33.17529104   9.11169215   2.93698892  29.02978932]
 [ 10.76402106  46.32522185  12.43017194   4.84387217  25.63671298]
 [  6.03794811  74.09898585   7.19508481   8.62484775   4.04313347]]
------------
P_k = 
[ 17.96949489  17.70297142  57.26872768   7.05880601]