Out of 4 test cases, 1 were correctly classified
t_correct = 0
b_correct = 1
train_score_T = -8053.18958075
train_score_B = -7490.25503515



Truth HMM:
------------------------------------
NOT IN LOG FORMAT, PROBABILITIES AS PERCENTS
hmm data: (#states = 4, #outputs = 5)
------------
T_kk = 
[[ 46.51870041   4.7402424   41.17954388   7.5615133 ]
 [ 43.36950099  12.84855056  21.38579847  22.39614999]
 [ 36.39258209  39.75789604   5.78888659  18.06063527]
 [  8.44322022  13.63492049  21.78378995  56.13806934]]
------------
E_kd = 
[[  2.70104415  69.10891827   4.23248396   3.46372683  20.49382681]
 [ 17.02222464  54.5724484    0.60172908   9.56059517  18.24300271]
 [  9.16400558  60.6642671    3.2385227    2.43381678  24.49938784]
 [ 16.14477192  20.86794843  12.01120091  49.44400245   1.5320763 ]]
------------
P_k = 
[ 17.73899795  24.96531448  14.54259627  42.7530913 ]

Bluff HMM:
------------------------------------
NOT IN LOG FORMAT, PROBABILITIES AS PERCENTS
hmm data: (#states = 4, #outputs = 5)
------------
T_kk = 
[[ 32.06477092   9.75061931  22.83082898  35.35378079]
 [  3.67830667  25.50736547  61.18679342   9.62753445]
 [ 30.68085819  44.21720248   4.04898609  21.05295324]
 [ 45.76578304  10.55787295  20.26082255  23.41552145]]
------------
E_kd = 
[[  4.33207986  78.99435475   9.64713221   1.28710369   5.73932948]
 [ 18.65017681  34.93814688   8.93704196   0.70335496  36.77127938]
 [  7.21678968  47.89855794  12.11053804   1.22479547  31.54931887]
 [  4.58900486  80.98024423   7.37382581   2.01457594   5.04234916]]
------------
P_k = 
[ 13.80683188  18.03810872  62.91097437   5.24408502]