Out of 4 test cases, 2 were correctly classified
t_correct = 0
b_correct = 2
train_score_T = -8481.39421866
train_score_B = -7649.58740707



Truth HMM:
------------------------------------
NOT IN LOG FORMAT, PROBABILITIES AS PERCENTS
hmm data: (#states = 4, #outputs = 5)
------------
T_kk = 
[[ 18.30991723  34.94133837  21.59405693  25.15468748]
 [ 38.50980897   3.21852617   8.02544213  50.24622273]
 [ 41.61694117   4.36386367  20.47625596  33.5429392 ]
 [ 14.75110773  21.52637935   6.3080098   57.41450312]]
------------
E_kd = 
[[  8.48682414  39.47360559   2.93421733  20.36484779  28.74050514]
 [  6.23690545  60.73754487   4.04282529  14.35945937  14.62326501]
 [  5.60446762  44.31861368   8.85342102   5.29609764  35.92740004]
 [ 11.72194695  65.29654926   4.56092527  14.62005717   3.80052134]]
------------
P_k = 
[ 34.93412749  21.23067801  24.4301551   19.4050394 ]

Bluff HMM:
------------------------------------
NOT IN LOG FORMAT, PROBABILITIES AS PERCENTS
hmm data: (#states = 4, #outputs = 5)
------------
T_kk = 
[[ 24.7019757   28.80622259  25.88605633  20.60574538]
 [ 19.91969837  45.14200319   7.3348702   27.60342824]
 [ 21.01891622  21.41962503  44.91971445  12.6417443 ]
 [ 10.71588226  10.48801788   8.6054154   70.19068447]]
------------
E_kd = 
[[  6.50685639  54.67289737  20.80284795  10.45690612   7.56049218]
 [  4.85826956  32.1745214   12.51262058   5.99231571  44.46227275]
 [ 49.0192958   27.06202534  17.020177     6.74288651   0.15561535]
 [  0.60034846  85.19050225   0.59692445   3.28144327  10.33078156]]
------------
P_k = 
[ 13.88578399  50.61013364  15.32384865  20.18023372]