Out of 4 test cases, 1 were correctly classified
t_correct = 0
b_correct = 1
train_score_T = -8863.28375714
train_score_B = -6726.18672903



Truth HMM:
------------------------------------
NOT IN LOG FORMAT, PROBABILITIES AS PERCENTS
hmm data: (#states = 4, #outputs = 5)
------------
T_kk = 
[[ 18.63245686  34.65792933  21.8547975   24.85481631]
 [ 39.08596532   3.18226337   8.09493125  49.63684006]
 [ 42.11153358   4.30514811  20.73627179  32.84704652]
 [ 14.9674595   21.32410266   6.34119489  57.36724295]]
------------
E_kd = 
[[  8.98490835  36.61667072   3.33110987  21.31109879  29.75621227]
 [  6.85494768  57.78937447   4.68618842  15.2166215   15.45286793]
 [  5.89281991  41.22105657  10.02396322   5.50975514  37.35240517]
 [ 13.04704067  62.09204749   5.32405827  15.56139333   3.97546024]]
------------
P_k = 
[ 33.94790833  21.49319417  25.61466057  18.94423693]

Bluff HMM:
------------------------------------
NOT IN LOG FORMAT, PROBABILITIES AS PERCENTS
hmm data: (#states = 4, #outputs = 5)
------------
T_kk = 
[[ 24.39070298  29.44839993  23.78667056  22.37422654]
 [ 18.10590399  47.96149323   6.34102322  27.59157955]
 [ 22.0040923   23.80437719  39.07728381  15.1142467 ]
 [ 10.36476605  10.56954022   8.04373416  71.02195958]]
------------
E_kd = 
[[  5.1675402   61.49467015  21.39195822   2.4343165    9.51151493]
 [  3.85538441  32.66629461  11.62689739   1.24175738  50.60966621]
 [ 43.0963419   34.88843736  19.96760713   1.83097451   0.21663911]
 [  0.4543584   87.01656427   0.55325579   0.74650519  11.22931635]]
------------
P_k = 
[ 11.96290461  60.37960783  11.38411303  16.27337454]