Out of 4 test cases, 2 were correctly classified
t_correct = 0
b_correct = 2
train_score_T = -8967.02507623
train_score_B = -7853.66123923



Truth HMM:
------------------------------------
NOT IN LOG FORMAT, PROBABILITIES AS PERCENTS
hmm data: (#states = 4, #outputs = 5)
------------
T_kk = 
[[ 18.26873171  34.84784436  21.43896313  25.44446079]
 [ 38.37160923   3.20297245   7.98866239  50.43675593]
 [ 41.33262312   4.35130828  20.34313236  33.97293624]
 [ 14.74469881  21.38067066   6.30662209  57.56800844]]
------------
E_kd = 
[[  9.41939193  38.83358453   3.25465231  20.61774154  27.87462968]
 [  6.9325415   59.77800713   4.52399459  14.4487429   14.31671388]
 [  6.15963026  43.58440322   9.88790778   5.35358873  35.01447001]
 [ 13.04961888  63.65022279   5.03291057  14.5870162    3.68023156]]
------------
P_k = 
[ 35.33836842  20.50881305  26.15274061  18.00007791]

Bluff HMM:
------------------------------------
NOT IN LOG FORMAT, PROBABILITIES AS PERCENTS
hmm data: (#states = 4, #outputs = 5)
------------
T_kk = 
[[ 24.06174008  30.5746965   26.42474719  18.93881623]
 [ 18.2005851   50.26109733   6.79903024  24.73928732]
 [ 20.53859383  21.94498171  46.17103672  11.34538773]
 [ 10.623712    12.09900785   8.68951707  68.58776309]]
------------
E_kd = 
[[  7.19142068  48.43599928  22.69026102  10.77606102  10.90625801]
 [  4.6459694   24.08273828  11.57454824   5.20647754  54.49026654]
 [ 51.98603033  23.13429319  17.96899635   6.69988476   0.21079537]
 [  0.71192326  79.83074867   0.69707389   3.54232336  15.21793082]]
------------
P_k = 
[ 12.78102151  54.92292602  15.58557764  16.71047483]