Out of 4 test cases, 2 were correctly classified
t_correct = 0
b_correct = 2
train_score_T = -8726.05670395
train_score_B = -6949.38374517



Truth HMM:
------------------------------------
NOT IN LOG FORMAT, PROBABILITIES AS PERCENTS
hmm data: (#states = 4, #outputs = 5)
------------
T_kk = 
[[ 19.13456684  34.42206304  22.83355859  23.60981153]
 [ 40.39976352   3.17645905   8.35421647  48.06956096]
 [ 43.90827134   4.24648816  21.22897239  30.6162681 ]
 [ 15.36889161  21.42078577   6.44590838  56.76441423]]
------------
E_kd = 
[[  8.4745476   34.68888466   2.20034852  19.2523385   35.38388071]
 [  6.7805161   56.6104969    3.29828764  14.48735672  18.82334263]
 [  5.53116942  38.8486214    6.63049216   4.96433382  44.02538321]
 [ 13.28147357  62.62849995   3.84575054  15.2758536    4.96842233]]
------------
P_k = 
[ 33.99763827  21.2281973   26.07542841  18.69873602]

Bluff HMM:
------------------------------------
NOT IN LOG FORMAT, PROBABILITIES AS PERCENTS
hmm data: (#states = 4, #outputs = 5)
------------
T_kk = 
[[ 23.95104721  31.48715927  20.92068373  23.64110979]
 [ 16.66714239  50.06997216   5.03516675  28.2277187 ]
 [ 19.9329854   22.95811051  40.9720264   16.13687768]
 [ 10.5471157   11.42606935   8.17246265  69.85435231]]
------------
E_kd = 
[[  5.42111914  62.7854512    8.96296964  11.22931976  11.60114026]
 [  3.38585215  30.19094881   4.46111152   5.30193306  56.66015447]
 [ 47.11138037  35.82336661   8.4415443    8.3544612    0.26924752]
 [  0.45204404  82.98286665   0.22239216   3.02741917  13.31527799]]
------------
P_k = 
[ 12.81410018  54.94145714  14.44730438  17.7971383 ]