Out of 4 test cases, 1 were correctly classified
t_correct = 0
b_correct = 1
train_score_T = -6691.33626092
train_score_B = -7431.38497628



Truth HMM:
------------------------------------
NOT IN LOG FORMAT, PROBABILITIES AS PERCENTS
hmm data: (#states = 4, #outputs = 5)
------------
T_kk = 
[[ 17.16957803  35.4092431   24.66953128  22.75164758]
 [ 37.57965999   3.39762705   8.94671958  50.07599339]
 [ 42.03895862   4.43940526  21.55878245  31.96285368]
 [ 13.675178    22.60671959   6.93009817  56.78800424]]
------------
E_kd = 
[[  5.809358    48.85656209   2.29008401   4.85190809  38.19208781]
 [  3.81950182  72.00714004   3.05269809   2.79264825  18.3280118 ]
 [  3.26399651  47.90366584   6.01105474   1.03041439  41.79086852]
 [  7.47971893  80.92409714   3.60726361   3.06976598   4.91915433]]
------------
P_k = 
[ 30.35955362  23.2015604   28.95967028  17.47921569]

Bluff HMM:
------------------------------------
NOT IN LOG FORMAT, PROBABILITIES AS PERCENTS
hmm data: (#states = 4, #outputs = 5)
------------
T_kk = 
[[ 24.76962553  28.29508721  25.95169292  20.98359434]
 [ 20.05195737  44.4956715    7.75607379  27.69629734]
 [ 20.77320611  21.91807074  44.43263351  12.87608964]
 [ 10.69158291  10.00251488   8.78008986  70.52581235]]
------------
E_kd = 
[[  6.74070263  55.27110632  20.44751728  10.22688375   7.31379002]
 [  5.28421972  33.16529224  12.65049269   5.95944891  42.94054644]
 [ 49.7041325   27.1658857   16.4935133    6.49067488   0.14579362]
 [  0.62634627  86.22149789   0.58125977   3.15936398   9.41153209]]
------------
P_k = 
[ 14.86777474  45.83932822  20.84522195  18.44767509]